001111110000000000000101000001011011011011001000
101101100101110011001011100101000010100101101110
101100001000101101000101101001010110111110111010
000101100101100100000001001011011010011000101001
110101010010000001010100111010101010101110001101
111000001001011101010000110101001101101101010000
101000110101000010010100010010100100000101011001
100100111010010100010010100100001010101111010011
110101001001101010100001001011001011000100101101
011101000001000101110110101100110010110001110111
000000101100111101111001010111011110111010100000 
