001111110000000000000101 // num bits e lixo
000001011011011011001000
101101100101110011001011100101000010100101101110
101100001000101101000101101001010110111110111010
000101100101100100000001001011011010011000101001
110101010010000001010100111010101010101110001101
111000001001011101010000110101001101101101010000
101000110101000010010100010010100100000101011001
100100111010010100010010100100001010101111010011
110101001001101010100001001011001011000100101101
011101000001000101110110101100110010110001110111
000000101100111101111001010111011110111010100000
000001011011011011001000101101100101110011001011
100101000010100101101110101100001000101101000101
101001010110111110111010000101100101100100000001
001011011010011000101001110101010010000001010100
111010101010101110001101111000001001011101010000
110101001101101101010000101000110101000010010100
010010100100000101011001100100111010010100010010
100100001010101111010011110101001001101010100001
001011001011000100101101011101000001000101110110
101100110010110001110111000000101100111101111001
010111011110111010111000001100011010011100100011
000110101011111110010100110100000001110010001001
001100110000100000110010111000111111100100011010
001101000010011110111011010001101101000110101000
010011000110100011111111001001110000100111100001
010001000001100101110010001100110101011010000100
100011011011101010110000010000101111010110101010
111001011010011101101111110010000011100010011000
010111001001011101101000110110100100010011101010
001101101001110010001100011011110100110001001000
100100100110111100011011101010110000111000000001
100101110010010111011010001101101111100111111010
110001101101001110010001100011011110100011100100
111011011000101101001001101111000010111001001101
111100111111011000001100011011011111100110001101
010000011111100001100011010001101010000000110001
101010110100100000011000110101011010100110111011
001001000100001000101001011011000101011111101101
000000011111110101101001100101001011011010010001
100000000110000000110101011000010001101000000110
000101110010011011111100011100011011010011101101
111010010000100100010000010110101010111001011010
101101000001000110001100001011101110011000001011
011111010101011111111010001101001110110100010001
110000101101010101110010110101100010011111000100
001011011000110000110001011010011111110101111010
001101110010011010010001100000000110000000110101
011000010001101111101010101111110010111011100110
000010110111001001101111110010010001000010011010
010001100000100011101011011000110101011010100110
111110101010111111001011010110101011111001101010
101111110010001101010000100100011010110101000100
010010110000011011010100100110010110110000100111
110011000011111100001100001011101110101101101010
110100001100011010101101001000000110001101111101
010101111110110111111001100001000110000101110111
011010010000111110110011000110100111001100000101
101001110110100100010101111110001101011001111101
010101011111101011001011000001110110110000110000
010100100110111100011010011100010000100110111110
101010111111001000110100000010100011001100111101
001011100010011001101010110100001100011011111100
100001010001000110000011011010011100110000010110
101000010101111110011000001000110010110111011000
101000110100011010101001000101111001010010110110
001010111111011010100000111000010110100111011011
110100100000111001000000001001001101111000110100
111010010010000101110111000100001001101111010010
000110000111111011011010011100110000010110100001
011001101010101000110001110100100100001011001101
111010110111111001001000010101011111001100000010
110100000010100101101000011000010001101111001010
101111110011000001011010001101010011010001111111
001100011000101100101110111001100000101101000110
101001101000110100001100011010101101010010101101
100110111110101010111111011010100100110001011010
110110000100011010001101000011000110001011000110
110100011010110100100010000100110111111000111001
000000001101111110010010101101000011010100001001
000000010101111001010111110011011110010100100010
000100110000001011011111100100101011010000110111
100101001000100101101000011010011100110000010110
111100101010111111000100110100001010010001101100
001110001101100001011101110001101101010110100100
000011000110111111001010001000110001101010100011
001101111101010101111110110111101100100010101110
000110000001001011101110110100001011001101010101
101110000100010010000100001011000011001101000010
010011111100110110110011000011001101000000110000
011000110010101110101100001111110000100100110111
100011010000011110101101000000101001011010000110
000100001011101110110111101101010010100010001101
111010010100011000011111111000001110110101101001
111000011000110111111000100011000101111101001000
001011011101100010100011010001101010100100010111
100101001011101110011000001011010101101000011000
011001101111101010101111110110100001010010001100
111111011111011011000011100100011000000100101101
100010101111110010001101111100001110000011010100
010010010011011110001101001110010000100011000011
100100000110010111001101000011000110101010001100
001011110101101010110100001001001101111000110111
110101010111111011010001001100111001010110110111
010101100010000100100110000010010111011100110000
010110101011010000110000110011010101101000011000
110100000001111111000100100011010110010000111010
110110000101011111011001110100001000111010010000
001100000010110101010111111001000110100011000000
011100010000100110101100000110101100111010110110
000101110111001100000101101000001111010110111101
101010010100010001101000000101001011010000110000
100011010001001010000110101101101010000110000100
011010000001001001100000100101110011010000110000
110110100011010101000110011000110100001001111111
010110101001001100110100011111011001000100100110
111100001011001101111010110100001011000011100100
011010001111111001100011000101101101000000101001
011010000110000100011010000101001011000000100101
101001111111010111101000110111010101100111001010
100010001100011010001101000011000110100001010010
000100101110010011010101101010010101101100110101
000011000010001101010000011100110000010110100111
000110110100011010000110011010001101000011111010
100100110111100110100011011110100010001001011000
000100101101110110001010001101000110101010010001
011110010110100001001001100000101101010000100100
000110100011011101010100100110000010110101000010
010000000101110011010010110001101010000100100000
011010101101010011010011101101111011010100001001
100011010011100110000010110111010100100011000011
111011000101101011010010001101101111001010010011
011110001100001000001101101010110101001101000111
110110001001001001100101101100001000001100101101
010001000011111110001101010000100100000011010101
101010011010011101101010000101000010011000110111
111100110010110100100010011010100001100001011100
000011111011001100000110110111111111101101101001
100011111011001100000010010110010100010001111111
100100100110111100011010011101011011010101101000
011000110111101001100010010001001001001101111000
010111000111100101101010000100100011011011111000
010000111111000011000010100101110010010110110101
011010100101011011001101000000110001101111001010
011110010101101100011000011001101111101011000011
100100000110010111001101010011010001111111000111
000100001001010111110011010011100010000100110100
000111101011010101101100001110010000011001011101
110000001010001101111000110101011010000110001101
111111001001110100100001001001100001101101010010
011001101010110100001100011010001101011001000110
001100010110010110000100110010110100100010011010
011101101111011001000100101010001001111010010111
001101010010101101100110111101101001010111111010
110100111001100000101101010000100100100011000000
101101000000110000101110011010100110111011001100
011001110110110101011010000110001001001000110111
100001100000110101100100111101011010011001001111
010011000110100111001100000101101001100110000111
010110010110100111111101011110100011010011001100
111000011000010001101010100011011101001100011010
100100110011010101101000011000110101100000001110
110001001010111101001011100011110010110101011010
000110000011011000110101000010100001011110101101
000000110000110001011010100100100001011011100100
110101100111000011000010011010001101010100011011
101001100011010101111111100100001100110100000111
101011010000001001001100000100101101000001000101
000000011010101101000011000110101011010000101011
111111110001000010110110101010111001011010010001
100111000011000011011110001100001011011101100010
100011010001101010100100010111100101001011100010
011001100011010011001001111100010000101101101110
010011010101011100001100001000100001100001110010
000001001011100110100001100011011110110010001001
010100010001101011001000111110100100000111001101
111000100100110111100011011111100101000100000010
001100101110000010010101101000011010011101101111
011011000011001001010110110000110010110110111111
001000001110001001100001000110111100100100010100
000001101010110100001100011010001101100001110010
111001101000011000110111101000111111011010110011
101001001100110101010111001011010100001001000110
110100011010000100111101100101110000010000101001
101000000011101011111010010000110000001011011111
010101011111101101010110101001100011010101101010
011010101101001111011001011100000011100011011011
101100011001010111110001100110111100101010001000
110111111000111001100101101010001100110111101000
100111111011000001001011111101001011100110100001
100011011110010101000010000100101011111001001001
101111000110100001001111111010010111001001101000
110100001001111011111011011000000101101010110101
001101000110110000111001011100000100101011010000
110100111011011110110010001001111000001110101101
100011000010000101110111001100000101101010010011
001101010110100001100011011111100100001001000110
101100010011000010111000111100101101010110100001
100011011111100100100110000010010111001001101111
010010101111110001000001011010011100010000000101
000011010110110101000011000011100100001011011101
100010100011010001101010100100010111100101001011
010000100100110000010110101000010010000011010001
101110101010010011000001011010100001001000000010
111001101001011000110101000010010000001101010110
101001101001110110111101101010000100110001101001
110011000001011011101010010001100001111101100010
110101101001000110110111100101001001101111000110
000100000110110101011010100110100011111011000100
100100110010110110000100000110010110101000100001
111111000110101000010010000001101010110101001101
001110110101000010100001001100011011111110011001
011010010001001101010000110000101110000001111101
100110000011011011111111110110110100110001111101
100110000001001011001010001000111111110010010011
011110001101001110101101101010110100001100011011
110100110001001000100100100110111100001011100011
110010110101000010010001101101111100001000011111
100001100001010010111001101000011000010001100011
010100100011011010101000110011000110101011010000
100100110111100011011100100110100000111111000110
101101101000110011111110101101010110101001101111
101010101111110010111011100011011011111010101011
111101101000110011101001000100110100111111010001
000101000011000110110101011010000110001101000110
110000111001011101110001011111000111111101000111
101000110111110101010111111001000110100000010100
101101000011000010001101111110010010001000010011
011111100011101011111010010000110101010111000011
000010001101111101010101111110010111011100011011
011111010101011111101101001111110000110000110111
100011000110101011010000100100011011011111100100
111101011011001100000010110100001011000110000001
001010010111011100110000010110101011010000110000
110110100011010101101000001110101101101111001001
110101101100111001111111000100110100110010011111
000100001011001011100000110001101010000011100001
011011111010101011111101101010010011001101010101
111110010001101000110100111110001000010110010111
011111100101011011000010001101010111111100110000
110010111111010110100000010100011001011010000001
111010001101010010101101101000110110001100000000
110000001001011011000101011111100100011010001101
011001110010011010101010001110010000001011011110
010001000111001101101100110100111110101011000011
100000001011100100110111111000111000110110111110
001100010110101101001001101111000110100000111101
011010000011111100011110110011000101100011011011
110100001001100001110011000101110000010000110000
110011011110100011100000011000110101011010000100
100011011010010011111100000110101000100100100110
111100011011110010010001010000000110111010101100
001100110000111010110100000101110011010000110001
101010101110100110000111001100110100011010000101
001010110110001011100110100001100011010001111011
011110101101111110011000011001011011011101010001
000111111010110110001011101110011000001011010101
101000011000110111101000111111011010110011101001
001100110110001011111100111010010001001100000010
010111011100110000010110111010101100111001010100
010001100011011111110001101101111100001000110011
111000101110011010000110001101001110011011110000
100111101011011001110011111111000011001011100011
110010110100111011011111000100100111001100101101
101111110010000011100010011000010100101101110110
001010001001001001001011110010100101101010010100
011010110101011011011101100011001010111110011010
100001010111110011011100100110100011111111001001
110000100111100001100000010010111001101000011000
110111101000100011001111100110100111000100001001
101111110001110001101101111010010000110011111001
100000010110100111000100100111100001100001011100
100110100000111111000110101101101010000011111100
001100011010001100010010011110111110110110000001
011011101010110001011111110011000110000110011010
100001001000110110101011011000110001011010000010
110100111111101011110100011010101001000110100011
011111100100000111010110110111101100100010101110
000100100001011000011011101001100001011100000100
000111010110110100001010011110000100100110011000
110101001001100101101100000100001001001111100011
000011011101001100001011100110100000111010110110
111110101010111111011010001101000010101111110001
000001011010001111111100100111000010011110000110
000101110111000110110111111001100000100001001101
001110001101101000000110000101110010010110110111
110001001111000011000001101101000001111010110101
100111101011000110111110000100011000011101011011
011001110101011110100101110011010100110100011011
000110001101111101010101111110010001101011001111
010110000011011011110010100100010000100110111111
001001010110100001101111001011000011100100001011
100110101001101000100110000111001100110101001001
100110111101000010010100001101100001011101110011
000001011011100100110111111001001000100001001101
111110010000100100011111011011000010000101110011
010000110001101000100011100011010110110111111001
010001000000100011011011111010101011111110110100
010000100110101000011000011100100001011011101100
0101000110100011010101001000101111001010
